0.131721 26
0.400563 65
0.177342 6
0.174110 988
0.100868 988
6.588960 988
10.008351 988
0.180905 988
0.975746 988
0.414065 1448
0.154354 1448
0.082502 1448
0.163982 1448
0.074312 1448
0.157252 1448
0.084180 1448
0.155668 1448
0.084477 1448
0.161355 1448
0.077966 1448
0.156104 1448
0.079815 1448
0.163209 1448
0.081358 1448
0.077728 1448
0.165752 1448
0.077532 1448
0.159387 1448
0.077169 1448
0.158458 1448
0.082230 1448
0.159074 1448
0.078773 1448
0.163094 1448
0.076983 1448
0.163201 1448
0.077294 1448
0.159096 1448
0.080595 1448
0.078914 32
0.180471 988
0.500689 988
2.013556 988
0.609375 988
2.678255 988
0.611382 988
0.546580 988
0.553726 988
0.545886 988
0.560836 988
0.539914 988
0.717739 988
0.426914 988
0.505122 988
0.761717 988
0.416714 988
0.473378 988
0.550762 988
0.546790 988
0.557513 988
0.542968 988
0.549679 988
0.554138 988
0.550127 988
0.559674 988
0.536045 988
0.552144 988
0.548072 988
0.553393 988
0.545965 988
0.554677 988
0.549690 988
0.546187 988
0.551503 988
0.551479 988
0.550973 988
0.546137 988
0.553624 988
0.550592 988
0.548172 988
0.551054 988
0.554557 988
0.544691 988
0.554043 988
0.543808 988
0.550795 988
0.551511 988
0.550885 988
0.548467 988
0.562417 988
0.538617 988
0.548912 988
0.550460 988
0.550397 988
0.557482 988
0.542367 988
0.547368 988
0.549939 988
0.553200 988
0.546588 988
0.553479 988
0.546565 988
0.549424 988
0.553588 988
0.746905 988
0.553597 988
0.177673 1448
0.130101 1448
0.152702 1056
0.179925 988
0.183013 988
0.178924 1448
0.234775 1448
0.138736 1056
0.179100 988
0.189381 988
0.218511 1448
0.152523 1448
0.149738 68
0.176390 1448
0.109946 1448
0.079109 1448
0.159114 1448
0.081131 1448
0.163352 1448
0.079653 1448
0.164640 1448
0.078018 1448
0.154356 1448
0.079451 1448
0.160000 1448
0.077252 1448
0.164781 1448
0.078546 1448
0.078759 1448
0.159958 1448
0.077393 1448
0.163235 1448
0.076214 1448
0.164372 1448
0.082955 1448
0.156256 1448
0.076481 1448
0.161186 1448
0.079784 1448
0.161519 1448
0.082052 1448
0.158587 1448
0.081532 1448
0.078724 1448
0.158751 1448
0.078736 1448
0.163591 1448
0.083641 1448
0.157942 1448
0.078055 1448
0.157696 1448
0.081397 1448
0.160341 1448
0.076968 1448
0.168355 1448
0.070740 1448
0.165354 1448
0.079716 1448
0.079747 1448
0.158476 1448
0.084363 1448
0.155189 1448
0.087795 1448
0.283558 1448
0.088101 1448
0.152767 1448
0.080262 1448
0.161840 1448
0.077701 1448
0.160017 1448
0.087816 1448
0.151180 1449
0.081707 1449
0.078611 1448
0.160525 1448
0.078508 1448
0.164866 1448
0.077305 1448
0.158781 1448
0.081045 1448
0.164040 1448
0.075237 1448
0.159265 864
0.179306 988
0.967862 988
0.175955 1448
0.135432 1448
0.084284 1448
0.163178 1448
0.071017 1448
0.165248 1448
0.078860 204
0.174436 988
0.302777 988
0.182844 988
0.908169 988
0.346850 988
0.350055 988
0.179212 988
0.916284 988
0.352773 988
0.345863 988
1.010478 988
0.174635 988
0.183809 988
0.181758 988
0.176126 988
0.177460 988
0.177958 988
0.176345 1448
0.158233 1448
0.082187 1056
0.180568 988
0.178785 988
0.176381 988
0.176744 988
0.859605 988
0.212576 988
0.985362 988
0.192643 988
0.178284 988
0.179721 988
0.177260 1448
0.174007 1448
0.148791 1056
0.178444 988
0.175975 1448
0.102705 1448
0.083722 1448
0.159260 1448
0.083612 1448
0.156104 1448
0.076331 204
0.179534 988
0.176959 1448
0.158819 1448
0.147333 1448
0.229942 1448
0.081001 1448
0.165442 1448
0.071975 1448
0.163287 1448
0.079122 1448
0.161901 1448
0.078829 1328
0.181867 988
0.177719 1448
0.100836 1448
0.078379 1448
0.161566 1448
0.076250 1448
0.161818 1448
0.082039 1448
0.165781 1448
0.076151 1448
0.155044 1448
0.082595 1328
0.179416 1448
0.129985 1448
0.081677 1448
0.159719 1448
0.079241 1448
0.159658 1448
0.082184 1448
0.156981 1448
0.082869 1448
0.160204 1448
0.077624 1448
0.157744 1448
0.083950 1448
0.157636 1448
0.079621 1448
0.081055 1448
0.157671 544
0.178940 988
0.178861 988
0.265163 988
0.674768 988
0.414110 988
1.209783 988
0.291859 988
1.997471 988
0.179665 988
1.980050 988
0.351116 988
0.206596 988
0.754666 988
0.749150 988
0.751112 988
0.747657 988
0.410470 988
0.408316 988
0.614372 988
0.615782 988
0.539242 988
0.412948 988
0.749391 988
0.746708 988
0.550381 988
0.754030 988
0.477245 988
0.410990 988
1.078340 988
0.481358 988
0.178337 988
0.589885 988
0.870081 988
0.281811 988
0.407129 988
0.354510 988
1.350562 988
0.292073 988
0.468548 988
0.274596 988
0.613826 988
0.276802 988
0.413870 988
0.405977 988
0.209787 988
0.363301 988
0.196253 988
0.412608 988
0.409743 988
0.212026 988
0.347199 988
1.415443 988
0.205842 988
0.810486 988
0.415983 988
0.544367 988
0.409881 988
0.277580 988
0.211490 988
0.208166 988
0.209679 988
0.223268 988
0.196669 988
0.209820 988
0.210191 988
0.210872 988
0.209821 988
0.216656 988
0.206000 988
0.207294 988
0.215720 988
0.256346 1448
0.312608 1448
0.075767 68
0.205887 988
0.275186 988
1.207802 988
0.209823 988
0.557379 988
0.605326 988
0.351110 1448
0.158147 1448
0.078487 1448
0.164570 1448
0.078138 1448
0.162239 1448
0.076903 1448
0.165944 732
0.176703 988
0.223932 988
0.176610 988
0.787767 988
0.480036 988
0.349018 988
0.282120 988
0.407973 988
0.677647 988
0.482241 988
0.481301 988
0.182782 1448
0.124977 1448
0.082354 1448
0.161110 1448
0.081738 1448
0.158016 1448
0.079493 1192
0.175034 988
0.581599 988
0.679267 988
0.210798 988
0.879248 1449
0.161982 1448
0.080305 1448
0.158339 1448
0.081880 1448
0.158595 1448
0.083807 1448
0.171598 1448
0.073963 1260
0.184890 988
0.181440 1448
0.161631 1448
0.143782 68
0.191871 988
0.179976 988
1.587215 988
0.186332 988
1.648257 988
0.184692 988
1.583619 988
0.351706 988
0.601865 988
0.183155 988
0.182467 1448
0.164657 1448
0.148237 1056
0.202952 988
0.180271 988
0.183654 988
0.183133 1448
0.148072 1448
0.151882 1056
0.182949 988
0.182152 988
0.183047 1448
0.137099 1448
0.081193 1448
0.148098 1448
0.151586 1124
0.257077 988
0.187398 1448
0.153905 1448
0.153851 1056
0.174846 988
0.407499 1448
0.013689 1448
0.152095 1056
0.250564 988
0.176847 2896
0.246006 1056
0.198298 1448
0.227928 1448
0.115146 1056
0.299875 1448
0.150969 1448
0.262923 1056
0.422384 988
0.419542 988
1.866946 988
0.180445 988
0.178985 988
0.182780 1448
0.150425 1448
0.149801 1056
0.174284 988
0.196098 988
0.180942 988
0.183146 1448
0.168155 1448
0.150584 1056
0.181197 988
0.183019 988
0.182659 988
0.182766 1448
0.166002 1448
0.150728 1056
0.270860 988
0.181733 1448
0.217336 1448
0.114645 1056
0.222332 988
0.197981 1448
0.148438 1448
0.164827 1056
0.186786 988
0.184239 988
0.179231 1448
0.189177 1448
0.141606 1056
0.182933 988
0.183450 988
0.180344 1448
0.206053 1448
0.150378 1056
0.182860 988
0.182705 988
0.181022 1448
0.199471 1448
0.153252 1056
0.180358 988
0.175166 988
0.177020 1448
0.217641 1448
0.146549 1056
0.179438 988
0.190560 988
0.183444 1448
0.198160 1448
0.154587 1056
0.180892 988
0.179703 988
0.189586 1448
0.195603 1448
0.150420 1056
0.181735 988
0.183353 988
0.184477 1448
0.198529 1448
0.149837 68
0.182896 988
0.568996 988
0.349923 988
1.282673 988
0.404345 988
0.350035 988
0.363496 988
0.344839 988
0.176258 988
0.215256 988
0.200586 988
0.332829 988
0.176745 988
0.179480 988
0.341466 988
0.212955 988
0.351089 988
0.405687 988
0.880063 988
0.681234 988
0.904754 988
1.062242 988
0.671069 988
0.411197 988
0.483812 988
0.405247 988
0.951963 988
1.348137 988
1.079740 988
0.415828 988
0.878248 988
0.806302 988
0.349714 988
0.550426 988
0.413894 988
0.686849 988
0.399799 988
0.450785 988
0.452738 988
0.799507 988
0.778346 988
0.383245 988
0.682048 988
0.674644 988
1.012456 988
0.282492 988
0.281233 988
0.684747 988
0.669510 988
0.319278 988
0.184798 988
0.345124 988
0.200269 988
0.183284 988
0.181862 1448
0.169911 1448
0.144303 1056
0.186775 1448
0.129819 1448
0.151699 1056
0.183174 988
0.185798 988
0.181602 988
0.230969 988
0.354980 988
0.227948 988
0.272285 988
0.345908 988
0.999822 988
1.067332 988
0.415864 988
0.684745 988
0.672046 988
0.750319 988
0.477173 988
0.550664 988
1.882895 988
0.482697 988
0.405681 988
0.759647 988
0.269061 988
0.352240 988
0.347568 988
0.350732 988
0.349606 988
0.350774 988
0.348965 988
0.349959 988
0.349808 988
0.352936 988
0.349737 988
0.354657 988
0.343801 988
0.350892 988
0.347460 988
0.424832 988
0.282196 988
0.432944 988
0.882095 988
0.861685 988
0.606141 988
0.750004 988
0.413603 988
0.385278 988
0.712819 988
0.323990 988
0.434641 988
1.159716 988
0.740288 1448
0.200506 1448
0.097498 1448
0.113394 1448
0.068946 1448
0.160999 1448
0.084792 1448
0.154041 1448
0.080264 1448
0.165864 1448
0.073752 1448
0.160540 1448
0.081273 1448
0.169380 1448
0.072342 1448
0.076690 1448
0.164677 544
0.250662 988
0.519365 988
0.254394 988
0.350219 988
2.480401 988
0.396554 988
0.455995 988
2.190523 988
0.407177 988
0.178368 988
0.384104 988
0.407333 988
0.282418 988
0.176924 988
0.186425 988
0.203849 988
0.184952 988
0.245029 988
0.181410 988
0.252768 988
0.345977 988
0.181580 988
0.174078 988
0.179253 988
0.213996 988
0.258208 988
0.333045 988
0.366731 1448
0.084097 528
0.185851 988
0.179111 988
0.176508 1448
0.307943 1448
0.150204 68
0.175477 988
0.186507 988
0.187628 988
0.383302 1448
0.209431 1448
0.280003 1056
0.366311 988
0.191003 988
0.412431 988
0.413229 988
0.404447 988
0.363776 988
0.360559 1448
0.328548 1448
0.214657 68
0.363396 1448
0.119297 1448
0.350488 68
0.379499 988
0.177205 988
0.262728 988
0.379509 988
0.366427 1448
0.252073 1448
0.287415 68
0.368616 988
0.182458 988
0.196134 988
0.363698 1448
0.152152 528
0.173898 988
0.226977 988
0.279526 988
0.384003 1448
0.199733 1448
0.151079 68
0.182737 988
0.182984 988
0.321221 988
0.409726 988
0.371067 988
0.364654 1448
0.141375 1448
0.146940 1056
0.365340 988
0.179755 988
0.175135 988
0.392221 988
0.366032 988
0.369015 1448
0.181529 528
0.183539 988
0.188641 988
0.385949 988
0.408052 988
1.354774 988
0.213536 988
0.186045 988
2.035577 988
0.410821 988
0.185464 988
0.573640 988
0.409745 988
0.279910 988
2.010517 988
2.013351 988
2.007774 988
0.348940 988
1.950959 988
0.352203 988
0.950376 988
0.349243 988
0.879411 988
0.212081 988
0.405775 988
2.027002 988
0.177374 988
0.495621 988
0.409526 988
0.287851 1448
0.022462 1448
0.080249 2896
0.321054 1448
0.079010 1448
0.080603 2896
0.263642 1448
0.135875 800
0.280682 2
0.032937 10
0.000440 1
0.216765 1
0.099692 1
0.157125 1
0.055208 1
0.075164 2
0.092799 20
