0.425203 193
0.072987 171
0.075786 3
0.027448 28
0.272950 4095
0.496555 227
0.000211 1574
1.628833 4095
1.079501 138
0.000918 300
0.494321 390
0.211794 250
0.004078 1568
0.948850 390
1.151962 4095
0.288024 381
0.000112 640
2.943776 48
0.616474 553
0.221160 61
1.431047 455
0.187292 73
0.492313 320
0.204936 333
0.572463 402
0.209679 314
0.798755 377
0.263454 378
0.729352 323
0.395719 296
0.231223 336
0.289948 324
0.294075 334
0.205864 353
0.222161 381
0.216143 422
0.622766 386
0.207594 385
0.714404 320
0.205815 339
0.392164 354
0.499825 338
0.274071 301
0.207924 338
0.206502 336
0.189507 392
0.230282 375
0.189712 411
0.216064 383
0.594373 253
0.206331 598
0.408412 446
0.220175 274
0.199732 273
0.388105 363
0.229399 353
0.182787 416
0.204131 356
0.167945 450
0.428603 372
0.323790 352
0.255946 361
0.396304 353
0.263548 344
0.384367 335
0.227894 343
0.208247 766
0.860662 480
0.207448 349
0.860847 315
0.287359 292
0.207990 292
0.204070 1558
0.868701 773
0.295464 266
0.212753 796
0.639864 118
0.211448 303
0.576384 391
0.275934 433
0.216233 336
0.208039 351
0.224036 321
0.452419 419
0.191863 73
0.508282 541
0.704381 76
0.211413 120
0.208506 79
0.223682 1
0.220242 1
0.215990 2
0.207807 3
0.208335 1
0.212093 8
2.293309 292
0.217075 324
0.496300 298
0.211675 341
0.208164 374
0.187969 252
0.579967 362
0.204270 317
0.204125 415
0.204761 336
0.207278 697
0.196093 416
0.612886 463
0.447648 441
0.140905 373
0.548477 253
0.315749 482
0.396118 351
0.592423 328
0.199635 426
0.448224 424
0.199898 354
0.264084 314
0.720272 1564
0.592590 1125
0.243384 313
0.211914 374
0.280379 418
0.287964 406
0.485889 360
0.198028 401
0.231756 362
0.188355 366
0.491791 370
0.216456 299
0.806977 388
0.165481 415
0.200127 253
0.192079 380
0.388375 305
0.215748 375
0.227988 253
0.212041 329
0.500361 346
0.219794 779
0.212217 399
0.203973 405
0.644594 318
0.187723 382
0.188015 404
0.192497 335
0.183726 356
0.208010 312
0.228097 370
0.260352 371
0.359863 360
0.239799 678
0.208092 364
0.352407 384
0.584374 73
1.048446 330
0.230076 22
0.389860 7
0.291406 235
0.196294 260
0.221884 1
0.242358 1
0.207436 1
0.188567 1
0.231300 2
0.188784 2
0.220171 259
0.512462 60
0.195845 349
0.211739 72
0.281071 203
0.199234 740
0.220751 17
0.996118 892
0.195228 16
0.668415 513
0.209606 22
0.298294 82
0.203999 53
0.296218 305
0.244169 395
0.376177 59
0.211639 336
0.224611 403
0.279810 379
0.280102 372
0.269127 253
0.418012 419
0.230108 415
0.216554 362
0.199569 252
0.230380 252
0.189791 420
0.188031 350
0.197686 336
0.198328 355
0.196087 341
0.340434 448
0.612249 343
0.175586 401
0.452342 351
0.552012 441
0.187934 21
0.456173 12
0.211770 1
0.188108 301
0.203947 73
0.191915 581
0.404557 76
0.179611 120
0.240285 79
0.208109 8
0.384170 8
0.540130 292
0.243948 361
0.536394 370
0.255693 348
0.219091 325
0.184908 394
0.260157 351
0.212109 354
0.312194 361
0.188127 373
0.328078 325
0.292560 367
0.219271 322
0.188243 398
0.199983 343
0.208360 328
0.191847 371
0.188038 345
0.188144 359
0.428237 49
0.207764 310
0.196250 72
0.171929 62
0.176022 1215
0.172242 49
0.228076 321
0.260454 299
0.365560 475
0.205920 328
0.525091 377
0.209056 347
0.274755 354
0.203234 351
0.344908 299
0.187995 345
0.187893 329
0.320386 376
0.195960 342
0.584286 351
0.219711 431
0.204044 360
0.212122 349
0.436280 366
0.226769 363
0.129015 324
0.195809 354
0.168469 410
0.429821 335
0.194408 416
0.452358 323
0.343925 337
0.215930 356
0.204034 356
0.208116 298
0.221627 337
0.202793 354
0.227561 353
0.348519 363
0.229847 319
0.198031 252
0.231610 319
0.184584 252
0.212469 365
0.756164 387
0.191674 311
0.328353 404
0.279777 1558
0.616136 2059
0.279921 284
0.215916 398
0.216143 379
0.320854 313
0.371851 500
0.484272 249
0.003698 2317
0.788313 315
0.507904 257
0.208003 387
0.216094 8
0.659963 7
0.280267 235
0.220056 199
0.199916 69
0.216378 9
3.374264 1
0.710223 1
0.479904 1
0.504143 1
0.208246 257
0.516354 333
0.580216 210
0.552017 291
0.872430 343
0.206165 279
0.369417 298
0.079867 343
0.244200 334
0.228101 322
0.191794 59
0.584437 332
0.215340 318
0.537004 315
0.219349 328
0.200333 320
0.192125 492
0.211879 291
0.308784 363
0.239848 300
0.448534 475
0.182853 296
0.713134 59
0.183779 332
0.179977 337
0.210214 376
0.216035 373
0.213483 336
0.319945 356
0.184253 359
0.256042 344
0.236093 363
0.260104 305
0.190794 338
0.257537 339
0.199805 371
0.212179 254
0.220390 341
0.537025 370
0.074226 337
0.674632 388
0.191661 1009
0.208131 14
0.712752 319
0.179251 654
0.203239 293
0.544401 379
0.677385 360
0.362115 354
0.610940 386
0.398433 370
0.031281 363
0.708699 444
0.286752 356
0.633428 349
0.239754 354
0.227279 360
0.414270 320
0.622941 322
0.227186 411
0.188532 345
0.603792 323
0.192525 342
0.233062 368
0.186928 378
0.232491 396
0.258910 365
0.196833 254
0.223685 59
0.483159 66
0.355093 73
0.207903 278
0.202677 73
0.225833 364
0.190397 315
0.678193 49
0.203325 312
0.198494 135
0.229638 1177
0.210169 322
0.256437 345
0.215934 324
0.205711 49
0.208027 323
0.214477 301
0.309729 329
0.198459 350
0.221563 356
0.212372 352
0.198165 253
0.225650 303
0.346835 345
0.215956 323
0.183785 333
0.234023 59
0.210016 326
0.168252 258
0.248125 343
0.630881 72
0.471133 332
0.198272 62
0.443973 310
0.206292 72
0.185959 1164
0.233745 13
0.214121 320
0.228210 49
0.287956 321
0.244215 328
1.421203 49
0.252930 310
0.175655 72
0.210154 1173
0.198291 335
0.336182 49
0.263950 321
0.264909 299
0.227230 72
0.269974 352
0.218262 355
0.292248 252
0.184161 387
0.543859 289
0.207916 292
0.352199 340
0.414767 347
0.209699 252
0.210041 378
0.470382 299
0.203603 343
0.212236 427
0.220059 419
0.351946 347
0.250548 328
0.189510 295
0.208095 370
0.208404 252
1.212712 314
0.367287 396
0.290037 301
0.206757 299
0.195134 428
0.281743 356
0.218412 365
0.220514 294
0.213005 379
0.198649 307
0.650895 300
0.189266 340
0.230468 430
0.189766 347
0.208152 311
0.356167 376
0.192035 360
0.243863 492
0.408365 293
0.191879 258
0.341260 333
0.647966 382
0.202836 252
0.188387 314
0.288024 344
0.187783 335
0.289098 321
0.235343 389
0.239927 253
0.367898 253
0.196069 350
0.187981 335
0.221271 327
0.231596 327
0.184601 366
0.188177 338
0.187917 378
0.316337 341
0.135724 369
0.192227 402
0.171931 345
0.176050 338
0.197077 321
0.163114 341
0.196072 254
0.156010 334
0.268314 357
0.356121 284
0.223936 313
0.448398 259
0.204044 327
0.195777 350
0.200136 392
0.532352 350
0.187709 297
0.199036 310
0.185272 324
0.191937 359
0.183967 325
0.257187 101
0.158841 291
0.640663 393
0.220592 519
0.986993 578
0.500480 344
0.251749 253
0.204400 253
0.159667 253
0.241059 334
0.211998 308
0.240916 336
0.203891 253
0.190742 322
0.363555 363
0.188681 356
0.236097 253
0.209316 379
0.338492 300
0.205619 337
0.202667 346
0.204284 404
0.276130 306
0.321075 308
0.220298 331
0.304261 323
0.315739 344
0.187955 88
0.244063 267
0.188061 88
0.188073 277
0.676539 433
0.219967 373
0.344127 308
0.195706 401
0.232022 314
0.512552 350
0.183710 316
0.191991 352
0.324357 352
0.244221 346
0.263687 253
0.248182 363
0.248097 308
0.191909 345
0.240150 253
0.187949 336
0.236488 341
0.235688 383
0.336065 324
0.504498 383
0.368254 295
0.344385 319
0.420170 356
0.163911 361
0.235878 300
0.180215 330
0.292030 331
0.362132 358
0.182033 326
0.212084 253
0.203900 330
0.276017 1558
0.594462 2872
0.198113 280
0.281924 379
0.237960 280
0.337144 4095
0.847917 351
0.000101 271
0.231186 367
0.852364 312
0.176266 316
0.083332 322
0.180072 339
0.268533 340
0.124028 49
0.185912 312
0.210201 73
0.190400 61
0.283736 890
0.070204 366
0.192103 398
0.180010 49
0.243968 323
0.244022 301
0.312430 389
0.499453 328
0.136558 379
0.188052 297
0.864042 355
0.228322 362
0.204132 381
0.199719 317
0.230394 285
0.193750 332
0.228173 357
0.188038 394
0.230491 364
0.317849 383
0.098201 358
0.186168 347
0.163529 324
0.364849 344
0.184152 353
0.208168 736
0.195248 426
0.208277 331
0.211953 59
0.216103 338
0.203882 73
0.229007 203
0.211440 729
0.210497 16
0.874052 802
0.207117 15
1.301521 406
0.211153 56
0.496377 1317
0.284966 300
0.676354 254
0.343594 308
0.211831 323
0.208141 317
0.220174 319
0.219720 293
0.224463 602
0.204012 313
0.211989 311
0.187982 127
0.428555 73
0.523195 278
0.436887 420
0.211745 337
0.216292 309
0.204097 323
0.211899 59
0.224028 360
0.220258 390
0.352306 378
0.780296 380
0.499935 357
0.211620 381
0.208203 381
0.660674 361
0.215424 377
0.212025 404
0.648638 314
0.203210 325
0.352039 253
0.208221 253
0.211987 305
0.416245 329
0.257134 331
0.207967 300
0.503128 1558
0.523560 3087
0.188722 279
0.261402 383
0.214423 637
1.092066 308
0.092225 320
0.201662 253
0.266717 253
0.227944 336
0.280137 344
0.205379 363
0.208149 305
0.194631 338
0.324441 360
0.135525 342
0.244328 366
0.180011 253
0.372206 329
0.360115 335
0.207721 382
0.215509 312
0.276673 321
0.216226 341
0.212026 363
0.208071 300
0.224222 343
0.215937 253
0.296114 324
0.424341 326
0.211900 376
0.199949 382
0.222849 416
0.357468 356
0.215750 347
0.572728 324
0.219696 361
0.207720 329
0.504727 322
0.203595 332
0.304238 373
0.275925 351
0.216189 252
0.204007 327
0.420348 369
0.231822 356
0.207921 323
0.504498 301
0.223894 377
0.832674 60
0.575521 327
0.151846 311
0.212169 318
0.228152 323
0.203807 313
0.292210 307
0.212301 325
0.204121 317
0.207876 317
0.212028 318
0.224439 319
0.215755 319
0.223504 320
0.204750 328
0.208094 355
0.216018 646
0.211905 60
0.218188 325
0.206106 362
0.452171 338
0.242298 372
0.259936 332
0.159972 370
0.378244 339
0.202167 374
0.204140 354
0.329848 376
0.360058 73
0.952528 203
0.207318 799
0.240124 16
0.340074 1082
0.204351 993
0.206480 73
0.261945 203
0.199770 771
0.230250 17
0.210157 1052
0.209953 23
0.950615 613
0.211316 550
0.220021 61
0.208150 65
0.192178 185
0.847085 380
0.188952 445
0.889645 321
0.378683 446
0.220368 349
0.275946 294
0.364022 347
0.230623 357
0.201394 339
0.356230 330
0.132590 369
0.167462 345
0.420247 349
0.207860 417
0.224304 383
0.199666 364
0.220660 379
0.459949 291
0.379891 347
0.328174 335
0.232660 407
0.191319 351
0.198990 381
0.245133 381
0.371073 357
0.189000 252
0.192207 358
0.288137 406
0.220006 379
0.200097 409
0.292192 359
0.211873 446
0.512452 338
0.700383 345
0.211500 320
0.220043 374
0.216138 363
0.216048 331
0.780584 327
0.359454 340
0.205201 321
0.198792 372
0.221078 316
0.203263 406
0.204181 289
0.230966 372
0.505485 357
0.179649 393
0.212210 362
0.204343 289
0.203798 632
0.207968 654
