0.500103 62
0.832503 2
1.119234 62
0.132851 2
0.197739 62
0.142337 1
0.259251 1
0.096437 1
0.059933 1
1.959167 1
0.644316 1
0.085382 1
0.154237 1
0.144305 1
0.221270 1
0.197898 1
0.082093 1
0.131688 1
0.182001 2
0.637918 15
1.082144 43
0.004687 35
0.001925 2064
0.248871 18
0.000028 33
1.751144 21
0.157373 90
0.014616 81
0.388818 36
0.216273 36
0.126483 36
0.196966 36
0.138370 42
0.400653 36
0.267446 36
0.213202 33
0.099104 36
0.155279 38
0.157612 37
0.054087 37
0.153705 37
0.083482 37
0.260036 34
0.172557 37
0.376327 37
0.161978 37
0.027604 37
0.092773 35
0.118812 37
0.095701 37
0.039975 34
0.126636 37
0.074276 37
0.119776 37
0.087325 37
0.053129 34
0.094071 37
0.268229 38
0.138459 37
0.094336 37
0.116638 37
0.131197 37
0.008498 34
0.198230 37
0.186958 37
0.115272 37
0.152567 37
0.160402 38
0.738681 45
0.162944 34
0.274216 36
0.201340 36
0.117556 33
0.105930 36
0.143838 36
0.094946 36
0.284083 36
0.087089 38
0.097950 37
0.071169 37
0.084277 34
0.112538 37
0.117852 37
0.742709 34
0.198816 37
0.331710 37
0.096946 37
0.073676 38
0.086963 34
0.096053 37
0.143856 37
0.187862 34
0.108273 37
0.104568 37
0.158016 37
0.160226 37
0.162488 34
0.169931 38
0.119002 37
0.190191 37
0.070856 37
0.091975 37
0.114773 37
0.062905 37
0.268637 45
0.672701 42
0.150673 54
4.166156 63
0.293345 67
0.156368 63
0.161462 33
0.172799 49
0.127743 63
0.140767 67
0.151936 63
0.159377 33
0.422676 33
0.148235 21
0.207023 658
0.002311 163
0.009485 34
0.841897 36
0.117980 53
0.545939 33
0.174976 203
0.116939 63
0.474657 67
0.482997 67
1.709546 63
0.301393 63
0.822374 66
0.467613 66
0.291914 66
0.787803 66
0.187568 66
0.371686 66
0.379604 66
0.162306 68
0.154006 33
0.663688 111
0.124139 34
0.422067 33
0.154388 36
0.217748 33
0.143214 36
0.108275 36
0.083167 36
0.047012 33
0.094021 38
0.107497 37
0.131584 37
0.187030 37
0.095642 34
0.111644 37
0.253292 37
0.098441 34
0.111009 37
0.097598 37
0.114606 38
0.056191 37
0.171992 37
0.430522 55
0.130241 67
0.561217 63
0.152281 66
0.228712 66
0.157392 66
0.332902 67
0.392348 66
0.202384 67
0.211765 66
0.220515 66
0.441657 67
0.153165 66
0.161440 66
0.144680 67
0.308004 66
1.545761 64
0.282665 63
0.191652 151
0.316672 36
0.514292 33
0.216864 36
0.174041 36
0.087591 36
0.155249 33
0.362359 38
0.406627 37
0.162213 37
0.091166 37
0.077834 34
0.058402 37
0.120184 37
0.039449 37
0.118388 34
0.100111 37
0.123767 38
0.085983 37
0.119831 37
0.124513 37
0.097768 37
0.092276 34
0.133866 37
0.183815 37
0.110360 34
0.100466 37
0.159614 38
0.089226 37
0.067223 34
0.103069 37
0.095289 37
0.104179 37
0.074736 37
0.098455 37
0.199318 34
0.314728 37
0.289820 38
0.097369 37
0.060710 37
0.152584 34
0.149249 37
0.128202 37
0.111720 37
0.163951 34
0.087160 37
0.129131 37
0.094495 38
0.095451 37
0.054333 37
0.117215 55
0.104165 69
0.661682 66
0.381340 66
0.195804 66
0.793819 67
0.144934 66
0.145031 66
0.156927 66
0.381972 66
0.182465 72
0.140143 69
0.210545 69
0.323366 71
0.168314 66
0.135295 66
0.157596 66
0.317233 66
0.164181 66
0.457561 66
0.751423 66
0.159697 66
0.162903 66
0.157530 66
0.398317 66
0.178282 66
0.164792 66
0.148652 66
0.142014 67
0.145036 66
0.147999 66
0.144466 66
0.147899 66
0.148423 66
0.208328 66
0.329513 66
0.187644 66
0.170476 66
0.162127 66
0.185516 66
0.210197 66
0.177255 66
0.143495 66
0.156043 68
0.153093 69
0.355320 34
0.271778 35
0.626402 115
0.269070 63
0.357468 151
0.338657 36
0.279326 36
0.008492 42
0.367768 42
0.140015 36
0.203672 33
0.114159 36
0.071707 36
0.085138 36
0.069818 33
0.052818 38
2.204822 37
0.076966 37
0.078146 37
0.112786 37
0.064516 37
0.145035 34
0.112271 37
0.111335 37
0.117509 37
0.211475 38
0.129872 34
0.139080 37
0.110883 37
0.105520 34
0.021845 37
0.058044 37
0.097259 37
0.072709 34
0.044281 37
0.125253 38
0.082648 37
0.055148 37
0.103665 37
0.165412 37
0.094425 34
0.108038 37
0.118067 37
0.138697 34
0.161701 37
0.107092 35
0.079159 37
0.179427 37
0.094364 37
0.068067 37
0.066203 55
0.420143 65
0.245392 63
0.300083 63
0.149103 63
0.153932 66
0.134436 166
0.446697 110
0.010114 53
0.683029 146
0.269710 157
1.322902 140
0.942211 63
1.383172 63
0.152790 66
0.143909 114
0.924644 65
0.162115 65
0.081321 65
0.125924 66
0.098785 65
0.127993 65
0.065033 65
0.059624 65
0.391078 55
0.396927 53
3.087732 19
0.535418 19
0.056613 35
1.989650 35
0.175399 19
1.438611 19
0.159529 19
0.231287 7
0.585224 29
0.000347 24
0.000125 20
0.000078 62
0.264057 6
